{
  "cells": [
    {
      "cell_type": "markdown",
      "id": "532e0b55",
      "metadata": {
        "tags": [
          "header"
        ],
        "id": "532e0b55"
      },
      "source": [
        "# TPC2 - Processos de Markov\n",
        "\n",
        "## Atenção:\n",
        "• Não deve escrever o seu nome nem nenhum código identificador em nenhum sítio. \n",
        "\n",
        "• Deve entregar ESTE Notebook de Jupyter.\n",
        "\n",
        "• O trabalho é individual. Podem e devem haver discussões com colegas mas o resultado entregue é individual. \n",
        "\n",
        "• Não deve acrescentar ou apagar nenhuma célula.\n",
        "\n",
        "• Todas as explicações devem ser claras e concisas. \n",
        "\n",
        "• É preferível fazer menos e fazer bem que muito e mal. \n",
        "\n",
        "• O pacote numba pode diminuir o tempo de cálculo. \n",
        "\n",
        "• A não verificação de alguma destas regras leva ao anulamento e exclusão da prova.\n",
        "\n",
        "### Exercício 1: Matrizes de Markov\n",
        "\n",
        "Considere a matriz de $Markov,M_{i,j}=P(i,\\Delta t|j)$ que representa a probabilidade de um sistema transitar de um estado $j$ para um estado $i$ em $\\Delta t$. Considerando que a matriz tem a forma tridiagonal e dimensão $N$,\n",
        "\\begin{align*}\n",
        "M_{i,i+1} & =U_{i}\\\\\n",
        "M_{i+1,i} & =L_{i}\\\\\n",
        "M_{i,i} & =1-\\sum_{j\\neq i}M_{j,i}\\qquad0\\le i\\le N-1\n",
        "\\end{align*}\n",
        "com $U_{-1}=0$ e $L_{N-1}=0$."
      ]
    },
    {
      "cell_type": "code",
      "execution_count": 28,
      "id": "e96056e0",
      "metadata": {
        "tags": [
          "header"
        ],
        "id": "e96056e0"
      },
      "outputs": [],
      "source": [
        "# Importe os Módulos Necessários\n",
        "\n",
        "import numpy as np\n",
        "import matplotlib.pyplot as plt"
      ]
    },
    {
      "cell_type": "markdown",
      "id": "e3f0400f",
      "metadata": {
        "tags": [
          "pergunta"
        ],
        "id": "e3f0400f"
      },
      "source": [
        "1. Considere que $N=10$, $L_{i}=0.1+i/(3N)$ e $U_{i}=0.1+(i+1)/(3N)$\n",
        ". \n",
        "\n",
        "    a) Escreva uma função que devolve a matriz pretendida."
      ]
    },
    {
      "cell_type": "code",
      "execution_count": 29,
      "id": "ab75a988",
      "metadata": {
        "tags": [
          "code"
        ],
        "id": "ab75a988"
      },
      "outputs": [],
      "source": [
        "# Responda Aqui\n",
        "\n",
        "def MatrixGenerator(N):\n",
        "\n",
        "  M = np.zeros([N,N])\n",
        "\n",
        "  for i in range(N-1):\n",
        "\n",
        "    M[i][i+1] = 0.1 + (i+1)/(3*N)\n",
        "    M[i+1][i] = 0.1 + i/(3*N)  \n",
        "    M[i][i] = 1 - np.sum(M[:,i])\n",
        "\n",
        "  M[-1][-1] = 1 - np.sum(M[:,-1])\n",
        "\n",
        "  return M"
      ]
    },
    {
      "cell_type": "markdown",
      "id": "09c7de9f",
      "metadata": {
        "tags": [
          "pergunta"
        ],
        "id": "09c7de9f"
      },
      "source": [
        "1. b) Verifique que é $l_{i}=1$ é vector próprio à esquerda com valor próprio 1."
      ]
    },
    {
      "cell_type": "markdown",
      "id": "596b5b4a",
      "metadata": {
        "tags": [
          "resposta"
        ],
        "id": "596b5b4a"
      },
      "source": [
        "Responda Aqui"
      ]
    },
    {
      "cell_type": "code",
      "execution_count": 30,
      "id": "4b9d7452",
      "metadata": {
        "tags": [
          "code"
        ],
        "colab": {
          "base_uri": "https://localhost:8080/"
        },
        "id": "4b9d7452",
        "outputId": "713db8ba-b608-41e3-df50-1bfb2616794a"
      },
      "outputs": [
        {
          "output_type": "stream",
          "name": "stdout",
          "text": [
            "[[0. 0. 0. 0. 0. 0. 0. 0. 0. 0.]]\n"
          ]
        }
      ],
      "source": [
        "# Responda Aqui\n",
        "\n",
        "N = 10\n",
        "l = np.ones([1,N])\n",
        "M = MatrixGenerator(N)\n",
        "lamb = 1\n",
        "\n",
        "print(np.dot(l,M) - lamb * l)    # Verificação da igualdade M . l = lamb . l\n"
      ]
    },
    {
      "cell_type": "markdown",
      "id": "01e74f5a",
      "metadata": {
        "id": "01e74f5a"
      },
      "source": [
        "1. c) Diagonalize a matriz à esquerda ( \n",
        "    $l_{i}^{\\alpha}M_{ij}=\\lambda_{\\alpha}l_{j}^{\\alpha}$  )\n",
        "    e à direita ($M_{ij}r_{j}^{\\lambda}=\\lambda_{\\alpha}r_{i}^{\\lambda}$).\n",
        "    Note que dependendo do algoritmo de diagonalização usado os vectores\n",
        "    podem não vir correctamente normalizados. É comum escolher como normalização:\n",
        "    \\begin{align*}\n",
        "    r_{i}^{\\alpha} & \\rightarrow\\frac{r_{i}^{\\alpha}}{\\sum_{j}r_{j}^{\\alpha}} & \\text{se} \\,\\lambda_{\\alpha}=1\\\\\n",
        "    l_{i}^{\\alpha} & \\rightarrow1 & \\text{se} \\, \\lambda_{\\alpha}=1\\\\\n",
        "    l_{i}^{\\alpha} & \\rightarrow\\frac{l_{i}^{\\alpha}}{\\sum_{j}l_{j}^{\\alpha}r_{j}^{\\alpha}} & \\text{se}\\, \\lambda_{\\alpha}\\neq1.\n",
        "    \\end{align*}\n",
        "    Quantos valores próprios iguais à unidade existem?"
      ]
    },
    {
      "cell_type": "markdown",
      "id": "b990fc4f",
      "metadata": {
        "tags": [
          "resposta"
        ],
        "id": "b990fc4f"
      },
      "source": [
        "Responda Aqui"
      ]
    },
    {
      "cell_type": "code",
      "execution_count": 31,
      "id": "2279dd66",
      "metadata": {
        "tags": [
          "code"
        ],
        "colab": {
          "base_uri": "https://localhost:8080/"
        },
        "id": "2279dd66",
        "outputId": "c74108aa-dc1d-4cb3-fb1f-2f4c1ed8fe32"
      },
      "outputs": [
        {
          "output_type": "stream",
          "name": "stdout",
          "text": [
            "Existe 1 valor próprio à esquerda iguais à unidade\n",
            "Existe 1 valor próprio à direita iguais à unidade\n"
          ]
        }
      ],
      "source": [
        "# Responda Aqui\n",
        "\n",
        "N = 10\n",
        "M = MatrixGenerator(N)\n",
        "\n",
        "\n",
        "R_Matrix = np.linalg.eig(M)[1]                                          # Matriz dos vetores próprios da matriz de transição M à direita\n",
        "D_MatrixR = np.dot(np.linalg.inv(R_Matrix), np.dot(M,R_Matrix))         # Matriz dos valores próprios da matriz de transição M à direita\n",
        "\n",
        "L_Matrix = np.linalg.eig(M.T)[1]                                        # Matriz dos vetores próprios da matriz de transição M à esquerda\n",
        "D_MatrixL = np.dot(np.linalg.inv(L_Matrix), np.dot(M.T, L_Matrix))      # Matriz dos valores próprios da matriz de transição M à esquerda\n",
        "\n",
        "\n",
        "\n",
        "\n",
        "\n",
        "\n",
        "\n",
        "# Processo de Normalização\n",
        "\n",
        "\n",
        "diag_l = D_MatrixL.diagonal()                                                 # Criar um array com autovalores à esquerda a partir da diagonal da matriz D\n",
        "diag_r = D_MatrixR.diagonal()  \n",
        "\n",
        "index_l1 = []   \n",
        "               \n",
        "for i in range(len(diag_l)):                                                  # Retornar os índices onde o autovalor à esquerda não é unitário\n",
        "  if np.round(diag_l[i], decimals = 4) != 1.00:\n",
        "    index_l1.append(i)\n",
        "\n",
        "index_l2 = np.where(np.round(diag_l, decimals = 2) == 1.00)  \n",
        "index_r = np.where(np.round(diag_r, decimals = 2) == 1.00)\n",
        "\n",
        "\n",
        "for i in range(len(index_l1)):\n",
        "  j = index_l1[i]\n",
        "  L_Matrix[:,j] = L_Matrix[:,j] / np.sum(np.dot(L_Matrix[:,j], R_Matrix[:,j])) \n",
        "\n",
        "for i in range(len(index_l2)):\n",
        "  j = index_l2[0][i]\n",
        "  L_Matrix[:,j] = np.ones(len(L_Matrix[:,j]))\n",
        " \n",
        "for i in range(len(index_r)):\n",
        "  j = index_r[0][i]\n",
        "  R_Matrix[:,j] = R_Matrix[:,j] / np.sum(R_Matrix[:,j])\n",
        "\n",
        "\n",
        "\n",
        "\n",
        "\n",
        "\n",
        "print(f\"Existe {len(index_l2)} valor próprio à esquerda iguais à unidade\")\n",
        "print(f\"Existe {len(index_r)} valor próprio à direita iguais à unidade\")"
      ]
    },
    {
      "cell_type": "markdown",
      "id": "485adb62",
      "metadata": {
        "tags": [
          "pergunta"
        ],
        "id": "485adb62"
      },
      "source": [
        "1. d) Verifique que podemos gerar as relações de ortogonalidade: \n",
        "\\begin{align*}\n",
        "\\sum_{i}r_{i}^{\\alpha}l_{i}^{\\beta} & =\\delta_{\\alpha\\beta}\\\\\n",
        "\\sum_{\\alpha}r_{i}^{\\alpha}l_{j}^{\\alpha} & =\\delta_{ij}\n",
        "\\end{align*}"
      ]
    },
    {
      "cell_type": "markdown",
      "id": "11eb9b49",
      "metadata": {
        "tags": [
          "resposta"
        ],
        "id": "11eb9b49"
      },
      "source": [
        "Responda Aqui"
      ]
    },
    {
      "cell_type": "code",
      "execution_count": 32,
      "id": "e2b2b88c",
      "metadata": {
        "tags": [
          "code"
        ],
        "colab": {
          "base_uri": "https://localhost:8080/"
        },
        "id": "e2b2b88c",
        "outputId": "09442a22-6275-451c-f913-d8331376e17b"
      },
      "outputs": [
        {
          "output_type": "stream",
          "name": "stdout",
          "text": [
            "A primeira relação de ortogonalidade é verificada por \n",
            " [[ 1.00000000e+00 -6.10622664e-16 -8.32667268e-17  4.44089210e-16\n",
            "   0.00000000e+00  4.16333634e-16 -4.44089210e-16  3.88578059e-16\n",
            "   2.77555756e-17  3.05311332e-16]\n",
            " [-2.49800181e-16  1.00000000e+00 -1.58206781e-15  4.16333634e-16\n",
            "  -6.93889390e-17  1.80411242e-16  5.55111512e-16 -3.05311332e-16\n",
            "  -2.77555756e-16  1.66533454e-16]\n",
            " [-5.82867088e-16  1.27675648e-15  1.00000000e+00  1.16573418e-15\n",
            "  -4.57966998e-16  6.93889390e-16  0.00000000e+00 -2.77555756e-16\n",
            "  -6.66133815e-16  1.24900090e-16]\n",
            " [-1.11022302e-16  3.88578059e-16 -1.98452366e-15  1.00000000e+00\n",
            "  -8.32667268e-17  6.66133815e-16 -1.77635684e-15  1.80411242e-16\n",
            "   1.38777878e-16 -5.55111512e-17]\n",
            " [-2.77555756e-17 -4.16333634e-16  1.41553436e-15  2.13717932e-15\n",
            "   1.00000000e+00 -5.49560397e-15  5.10702591e-15  5.55111512e-17\n",
            "   1.52655666e-16 -7.49400542e-16]\n",
            " [ 6.93889390e-17  4.85722573e-16 -1.22124533e-15 -5.55111512e-16\n",
            "   4.60742555e-15  1.00000000e+00 -6.66133815e-15 -1.49880108e-15\n",
            "   1.83186799e-15 -2.77555756e-16]\n",
            " [ 2.77555756e-17  3.46944695e-16  1.17961196e-16  1.66533454e-16\n",
            "  -7.42461648e-16  5.48172618e-16  1.00000000e+00  1.07205911e-15\n",
            "   3.19189120e-16  4.51028104e-17]\n",
            " [ 5.55111512e-17  4.71844785e-16  5.55111512e-17  5.68989300e-16\n",
            "  -1.55431223e-15  1.12410081e-15 -1.19293464e-13  1.00000000e+00\n",
            "   4.86589935e-15  2.49800181e-16]\n",
            " [ 2.08166817e-16 -2.22044605e-16 -3.88578059e-16 -8.32667268e-17\n",
            "  -3.33066907e-16  3.33066907e-16 -1.21014310e-14 -9.22872889e-16\n",
            "   1.00000000e+00 -2.40779618e-15]\n",
            " [-3.88578059e-16 -3.33066907e-16  2.01227923e-16  6.10622664e-16\n",
            "  -2.63677968e-16  2.77555756e-16  5.60662627e-15  1.38777878e-15\n",
            "   1.60982339e-15  1.00000000e+00]]\n",
            "\n",
            " A segunda relação de ortogonalidade é verificada por \n",
            " [[ 1.00000000e+00 -3.46250806e-15  3.46944695e-16  1.24900090e-15\n",
            "   3.12944115e-15  5.99520433e-15  9.49240686e-15  1.18793864e-14\n",
            "   1.25455202e-14  1.31561428e-14]\n",
            " [-9.71098202e-15  1.00000000e+00 -3.99680289e-15  6.66133815e-16\n",
            "   6.35602682e-15  5.35682609e-15  5.41233725e-15  7.18869408e-15\n",
            "   9.82547377e-15  1.11022302e-14]\n",
            " [-7.79931675e-15 -1.60982339e-15  1.00000000e+00 -1.66533454e-16\n",
            "   2.05391260e-15  6.99440506e-15  7.21644966e-15  7.38298311e-15\n",
            "   7.16093851e-15  7.43849426e-15]\n",
            " [-5.89805982e-15 -3.41393580e-15 -1.05471187e-15  1.00000000e+00\n",
            "   1.15185639e-15  3.66373598e-15  8.49320614e-15  8.65973959e-15\n",
            "   6.57807142e-15  4.95437025e-15]\n",
            " [-4.96477859e-15 -6.02295991e-15 -1.83186799e-15 -3.74700271e-16\n",
            "   1.00000000e+00  3.44169138e-15  3.92741395e-15  6.03683770e-15\n",
            "   6.80011603e-15  6.16173779e-15]\n",
            " [-4.37150316e-15 -2.42861287e-15 -3.27515792e-15 -8.32667268e-17\n",
            "   1.77635684e-15  1.00000000e+00  3.88578059e-15  3.21964677e-15\n",
            "   5.21804822e-15  6.60582700e-15]\n",
            " [-4.74620343e-15 -7.49400542e-16 -3.07739945e-15 -1.52655666e-15\n",
            "   1.77635684e-15  2.08166817e-15  1.00000000e+00  3.55271368e-15\n",
            "   4.21884749e-15  4.69069228e-15]\n",
            " [-2.88657986e-15 -2.09554596e-15 -1.27675648e-15 -9.85322934e-16\n",
            "   1.12063137e-15  2.04697370e-15  2.47024623e-15  1.00000000e+00\n",
            "   3.83026943e-15  3.03923553e-15]\n",
            " [-2.30371278e-15 -2.47024623e-15 -3.60822483e-16  8.60422844e-16\n",
            "   3.05311332e-16  1.74860126e-15  1.92901251e-15  1.77635684e-15\n",
            "   1.00000000e+00  2.98372438e-15]\n",
            " [-2.34534614e-15 -2.02615702e-15 -8.32667268e-16  7.91033905e-16\n",
            "   1.16573418e-15  5.75928194e-16  1.11022302e-15  2.12330153e-15\n",
            "   2.19269047e-15  1.00000000e+00]]\n"
          ]
        }
      ],
      "source": [
        "# Responda Aqui\n",
        "\n",
        "D1 = np.zeros([N,N])\n",
        "D2 = np.zeros([N,N])\n",
        "\n",
        "for i in range(N):\n",
        "  for j in range(N):\n",
        "    D1[i][j] = np.dot(L_Matrix[:,j], R_Matrix[:,i])                  \n",
        "    D2[i][j] = np.dot(L_Matrix[j,:], R_Matrix[i,:])       \n",
        "    \n",
        "               \n",
        "      \n",
        "print(\"A primeira relação de ortogonalidade é verificada por \\n\", D1)\n",
        "print(\"\\n A segunda relação de ortogonalidade é verificada por \\n\", D2)"
      ]
    },
    {
      "cell_type": "markdown",
      "id": "c2d34451",
      "metadata": {
        "tags": [
          "pergunta"
        ],
        "id": "c2d34451"
      },
      "source": [
        "1. e) Verifique que a matriz podemos escrever a matriz $M$ como,\n",
        "      \\begin{equation*} \n",
        "      M_{ij}=\\sum_{\\alpha}r_{i}^{\\alpha}\\lambda_{\\alpha}l_{j}^{\\alpha}.\n",
        "      \\end{equation*}\n"
      ]
    },
    {
      "cell_type": "markdown",
      "id": "c558c21f",
      "metadata": {
        "tags": [
          "resposta"
        ],
        "id": "c558c21f"
      },
      "source": [
        "Responda Aqui"
      ]
    },
    {
      "cell_type": "code",
      "execution_count": 33,
      "id": "4da7af1e",
      "metadata": {
        "tags": [
          "code"
        ],
        "colab": {
          "base_uri": "https://localhost:8080/"
        },
        "id": "4da7af1e",
        "outputId": "5a6531ad-adb3-4a86-b4b9-d7bab754f588"
      },
      "outputs": [
        {
          "output_type": "stream",
          "name": "stdout",
          "text": [
            "O resultado obtido foi a matriz \n",
            " [[ 0.9      0.13333 -0.       0.       0.       0.       0.       0.\n",
            "   0.       0.     ]\n",
            " [ 0.1      0.73333  0.16667  0.       0.       0.       0.       0.\n",
            "   0.       0.     ]\n",
            " [-0.       0.13333  0.66667  0.2      0.       0.       0.       0.\n",
            "   0.       0.     ]\n",
            " [-0.      -0.       0.16667  0.6      0.23333  0.       0.       0.\n",
            "   0.       0.     ]\n",
            " [-0.      -0.      -0.       0.2      0.53333  0.26667  0.       0.\n",
            "   0.       0.     ]\n",
            " [-0.      -0.      -0.      -0.       0.23333  0.46667  0.3      0.\n",
            "   0.       0.     ]\n",
            " [-0.      -0.      -0.      -0.       0.       0.26667  0.4      0.33333\n",
            "   0.       0.     ]\n",
            " [-0.      -0.      -0.      -0.       0.       0.       0.3      0.33333\n",
            "   0.36667  0.     ]\n",
            " [-0.      -0.      -0.       0.       0.       0.       0.       0.33333\n",
            "   0.26667  0.4    ]\n",
            " [-0.      -0.      -0.       0.       0.       0.       0.       0.\n",
            "   0.36667  0.6    ]]\n",
            "\n",
            " E a matriz de transição original é \n",
            " [[0.9     0.13333 0.      0.      0.      0.      0.      0.      0.\n",
            "  0.     ]\n",
            " [0.1     0.73333 0.16667 0.      0.      0.      0.      0.      0.\n",
            "  0.     ]\n",
            " [0.      0.13333 0.66667 0.2     0.      0.      0.      0.      0.\n",
            "  0.     ]\n",
            " [0.      0.      0.16667 0.6     0.23333 0.      0.      0.      0.\n",
            "  0.     ]\n",
            " [0.      0.      0.      0.2     0.53333 0.26667 0.      0.      0.\n",
            "  0.     ]\n",
            " [0.      0.      0.      0.      0.23333 0.46667 0.3     0.      0.\n",
            "  0.     ]\n",
            " [0.      0.      0.      0.      0.      0.26667 0.4     0.33333 0.\n",
            "  0.     ]\n",
            " [0.      0.      0.      0.      0.      0.      0.3     0.33333 0.36667\n",
            "  0.     ]\n",
            " [0.      0.      0.      0.      0.      0.      0.      0.33333 0.26667\n",
            "  0.4    ]\n",
            " [0.      0.      0.      0.      0.      0.      0.      0.      0.36667\n",
            "  0.6    ]]\n"
          ]
        }
      ],
      "source": [
        "# Responda Aqui\n",
        "\n",
        "M1 = np.zeros([N,N])\n",
        "\n",
        "for i in range(N):\n",
        "  for j in range(N):\n",
        "\n",
        "    M1[i][j] = np.dot(R_Matrix[i,:], np.dot(D_MatrixR, L_Matrix.T[:,j]))\n",
        "\n",
        "\n",
        "print(\"O resultado obtido foi a matriz \\n\", np.round(M1, decimals = 5))\n",
        "print(\"\\n E a matriz de transição original é \\n\", np.round(M, decimals = 5))\n"
      ]
    },
    {
      "cell_type": "markdown",
      "id": "5b6172a2",
      "metadata": {
        "tags": [
          "pergunta"
        ],
        "id": "5b6172a2"
      },
      "source": [
        "1. f) Fazendo evoluir a probabilidade através da multiplicação da matriz de Markov, represente $P_{i}(t)$ para $t\\in\\{0,1,4,16,64,128\\}$ considerando que $P_{i}(0)=\\delta_{i,5}$."
      ]
    },
    {
      "cell_type": "markdown",
      "id": "032c05af",
      "metadata": {
        "tags": [
          "resposta"
        ],
        "id": "032c05af"
      },
      "source": [
        "Responda Aqui"
      ]
    },
    {
      "cell_type": "code",
      "execution_count": 34,
      "id": "4051f34d",
      "metadata": {
        "tags": [
          "code"
        ],
        "colab": {
          "base_uri": "https://localhost:8080/",
          "height": 282
        },
        "id": "4051f34d",
        "outputId": "6193c08c-7ec5-485c-b4fa-4133212b4ef9"
      },
      "outputs": [
        {
          "output_type": "display_data",
          "data": {
            "text/plain": [
              "<Figure size 432x288 with 1 Axes>"
            ],
